0
0.004874663
0.009749326
0.010333001
0.017889439
0.102641842
0.106460366
0.108056143
0.108469642
0.117151633
0.117554684
0.121484418
0.125414153
0.127274153
0.128486286
0.129074443
0.130419434
0.132398856
0.148636784
0.164874713
0.181112641
0.181796333
0.191600892
0.405845715
0.620090538
0.620518965
0.620927984
0.630847486
0.631426684
0.634571965
0.635176541
0.636166252
0.637923248
0.638227776
0.63861142
0.644137679
0.649663939
0.650796956
0.65112089
0.65230466
0.652973425
0.653682495
0.654303489
0.659822285
0.660302958
0.704304048
0.748305138
0.752641655
0.753774674
0.769992199
0.770498251
0.775911061
0.776212602
0.780795925
0.785379247
0.78996257
0.79052236
0.791164255
0.795709759
0.79596801
0.79797281
0.79913195
0.800291091
0.825148065
0.825148065
0.825148065
0.826307952
0.827324534
0.827918659
0.829395016
0.830871372
0.832347729
0.86063137
0.861131451
0.862991451
0.864851451
0.86671145
0.870641931
0.870824051
0.872931851
0.873109491
0.8758771
0.878644708
0.950135283
0.951468333
0.957190147
0.961556519
0.963906896
0.966257273
0.967982923
0.973172562
0.9783622
0.984343757
0.986497834
0.987047176
0.987481573
0.98819512
0.990244703
0.991009005
0.99135085
0.995128322
0.998905794
0.999389454
1
