231.2433944
229.2633944
227.2833944
225.3033944
223.3233944
221.3433944
219.3633944
217.3833944
215.4033944
213.4233944
211.4433944
209.4633944
207.4833944
205.5033944
203.5233944
201.5433944
199.5633944
197.5833944
195.6033944
193.6233944
191.6433944
189.6633944
187.6833944
185.7033944
183.7233944
181.7433944
179.7633944
177.7833944
175.8033944
173.8233944
171.8433944
169.8633944
167.8833944
165.9033944
163.9233944
161.9433944
159.9633944
157.9833944
156.0033944
154.0233944
152.0433944
150.0633944
148.0833944
146.1033944
144.1233944
142.1433944
140.1633944
138.1833944
136.2033944
134.2233944
132.2433944
130.2633944
128.2833944
126.3033944
124.3233944
122.3433944
120.3633944
118.3833944
116.4033944
114.4233944
112.4433944
110.4633944
108.4833944
106.5033944
104.5233944
102.5433944
100.5633944
98.58339443
96.60339443
94.62339443
92.64339443
90.66339443
88.68339443
86.70339443
84.72339443
82.74339443
80.76339443
78.78339443
76.80339443
74.82339443
72.84339443
70.86339443
68.88339443
66.90339443
64.92339443
62.94339443
60.96339443
58.98339443
57.00339443
55.02339443
53.04339443
51.06339443
49.08339443